PART A  (RESULTS)

Std.No		Name&Surname			Department		Correct		wrong		score
117429		MEHMET AKYOL			SENG		20		29		25.50
124259		EMRE YASAR			EEE		22		24		32.00
125458		MUSTAFA DEMIRKOL			COMP		24		26		35.00
135287		TURAN SERIFOGLU			MIS		7		40		0.00
136026		TUGAY KIBRIT			SENG		23		26		33.00
139628		AHMET YILMAZ			COMP		22		25		31.50
140236		EMRE KILICARSLAN			EEE		9		39		0.00
141305		UGUR KARAYILAN			COMP		9		38		0.00
150734		BARIS ONUR			EEE		7		39		0.00
151288		KAMURAN ACAR			COMP		14		35		10.50
151617		UZAY CANPOLAT			SENG		14		33		11.50
151628		SEMIH ASLAN			SENG		15		32		14.00
154089		BATBUKH GANBAT			MIS		14		33		11.50
154109		MUFUDZI SARUCHERA			COMP		33		16		58.00
154225		AHMAD FRAZ			MIS		36		14		65.00
154228		MUHAMMAD ADIL			SENG		34		16		60.00
154236		ABDUL TARIQ			SENG		34		16		60.00
154265		NYASHA GAADZIKWA			EEE		35		15		62.50
154344		MILLIE KONJE			EEE		35		15		62.50
154364		AAMIR HAMZA			COMP		35		15		62.50



PART B (STATISTICS)

BOOKLET A :

Questions	Correct Choice	A	B	C	D	Blank	Success

1			A	4	1	0	1	0	%66.67

2			C	0	2	4	0	0	%66.67

3			B	2	3	0	1	0	%50.00

4			A	3	0	0	2	1	%50.00

5			A	3	2	0	1	0	%50.00

6			*	0	1	3	1	1	%16.67

7			D	1	0	0	4	1	%66.67

8			B	0	3	1	2	0	%50.00

9			C	1	2	2	1	0	%33.33

10			*	3	1	0	0	2	%33.33

11			D	1	0	2	3	0	%50.00

12			D	0	1	1	4	0	%66.67

13			A	3	2	0	1	0	%50.00

14			A	2	3	0	1	0	%33.33

15			C	2	1	2	1	0	%33.33

16			D	1	1	2	2	0	%33.33

17			B	1	3	2	0	0	%50.00

18			A	4	1	0	1	0	%66.67

19			C	0	3	3	0	0	%50.00

20			C	1	1	2	2	0	%33.33

21			A	2	1	2	1	0	%33.33

22			B	2	2	2	0	0	%33.33

23			D	0	3	1	2	0	%33.33

24			C	1	1	2	2	0	%33.33

25			A	2	0	1	2	1	%33.33

26			B	2	2	1	1	0	%33.33

27			C	0	4	2	0	0	%33.33

28			C	1	1	3	0	1	%50.00

29			B	0	3	1	1	1	%50.00

30			D	3	1	0	2	0	%33.33

31			D	1	4	0	1	0	%16.67

32			A	5	0	1	0	0	%83.33

33			B	0	6	0	0	0	%100.00

34			C	1	0	3	2	0	%50.00

35			*	0	2	1	0	3	%50.00

36			C	2	0	3	0	1	%50.00

37			A	4	1	1	0	0	%66.67

38			B	0	4	1	1	0	%66.67

39			A	1	2	0	2	1	%16.67

40			B	2	3	0	1	0	%50.00

41			A	2	2	2	0	0	%33.33

42			B	0	4	0	2	0	%66.67

43			C	3	1	1	1	0	%16.67

44			B	2	3	0	1	0	%50.00

45			D	1	0	3	2	0	%33.33

46			*	1	2	0	2	1	%16.67

47			A	2	2	0	2	0	%33.33

48			A	4	1	1	0	0	%66.67

49			B	1	5	0	0	0	%83.33

50			D	2	1	0	3	0	%50.00
BOOKLET B :

Questions	Correct Choice	A	B	C	D	Blank	Success

1			D	0	0	0	7	0	%100.00

2			B	1	4	1	0	1	%57.14

3			A	4	1	0	1	1	%57.14

4			A	3	2	1	1	0	%42.86

5			*	0	2	3	0	2	%28.57

6			D	1	1	2	3	0	%42.86

7			B	3	4	0	0	0	%57.14

8			C	3	1	3	0	0	%42.86

9			B	1	5	1	0	0	%71.43

10			A	4	2	0	0	1	%57.14

11			B	0	4	3	0	0	%57.14

12			A	3	2	1	0	1	%42.86

13			B	2	3	2	0	0	%42.86

14			A	1	0	2	2	2	%14.29

15			C	0	1	4	2	0	%57.14

16			*	0	4	1	1	1	%14.29

17			C	2	1	3	1	0	%42.86

18			B	1	2	2	2	0	%28.57

19			A	1	0	1	4	1	%14.29

20			D	0	5	0	2	0	%28.57

21			D	2	0	3	2	0	%28.57

22			B	1	2	4	0	0	%28.57

23			C	0	1	4	1	1	%57.14

24			C	2	1	2	2	0	%28.57

25			B	1	4	2	0	0	%57.14

26			A	3	1	2	1	0	%42.86

27			C	1	2	4	0	0	%57.14

28			D	5	0	0	2	0	%28.57

29			B	3	1	2	1	0	%14.29

30			A	2	1	3	1	0	%28.57

31			C	1	0	2	4	0	%28.57

32			C	1	2	2	1	1	%28.57

33			A	3	1	1	1	1	%42.86

34			B	1	2	3	1	0	%28.57

35			B	2	4	0	1	0	%57.14

36			C	1	0	4	1	1	%57.14

37			A	4	1	0	1	1	%57.14

38			A	4	0	1	2	0	%57.14

39			D	1	1	0	4	1	%57.14

40			D	0	1	2	4	0	%57.14

41			*	1	1	2	1	2	%28.57

42			C	1	1	3	2	0	%42.86

43			B	0	4	2	0	1	%57.14

44			D	1	0	2	4	0	%57.14

45			*	2	0	1	0	4	%57.14

46			A	4	2	0	1	0	%57.14

47			A	2	1	2	2	0	%28.57

48			B	1	6	0	0	0	%85.71

49			C	0	2	5	0	0	%71.43

50			A	5	0	1	1	0	%71.43
BOOKLET C :

Questions	Correct Choice	A	B	C	D	Blank	Success

1			B	1	6	0	0	0	%85.71

2			A	6	0	0	1	0	%85.71

3			C	1	2	4	0	0	%57.14

4			D	1	0	3	3	0	%42.86

5			B	0	3	3	1	0	%42.86

6			A	5	1	1	0	0	%71.43

7			C	2	2	3	0	0	%42.86

8			C	2	2	2	1	0	%28.57

9			A	3	1	2	1	0	%42.86

10			B	1	3	1	1	1	%42.86

11			B	2	3	2	0	0	%42.86

12			C	1	2	2	2	0	%28.57

13			A	3	0	1	2	1	%42.86

14			A	3	2	0	1	1	%42.86

15			D	2	0	1	3	1	%42.86

16			D	3	2	0	1	1	%14.29

17			*	3	1	2	1	0	%0.00

18			C	2	2	3	0	0	%42.86

19			B	1	4	1	0	1	%57.14

20			D	2	0	1	4	0	%57.14

21			*	1	3	1	1	1	%14.29

22			A	3	2	1	1	0	%42.86

23			A	4	3	0	0	0	%57.14

24			B	2	3	1	0	1	%42.86

25			C	1	2	3	1	0	%42.86

26			A	4	3	0	0	0	%57.14

27			D	3	2	1	1	0	%14.29

28			B	2	3	2	0	0	%42.86

29			A	2	1	2	0	2	%28.57

30			A	3	1	2	0	1	%42.86

31			*	0	2	3	0	2	%28.57

32			D	2	1	1	2	1	%28.57

33			B	2	2	1	2	0	%28.57

34			C	0	2	2	3	0	%28.57

35			B	2	4	0	1	0	%57.14

36			A	3	1	2	1	0	%42.86

37			B	1	1	4	1	0	%14.29

38			A	2	3	2	0	0	%28.57

39			B	0	4	2	1	0	%57.14

40			A	2	2	3	0	0	%28.57

41			C	2	1	4	0	0	%57.14

42			*	2	2	3	0	0	%0.00

43			C	2	2	1	2	0	%14.29

44			B	3	3	1	0	0	%42.86

45			A	4	1	1	1	0	%57.14

46			D	1	0	1	5	0	%71.43

47			D	3	2	2	0	0	%0.00

48			B	2	4	1	0	0	%57.14

49			C	2	2	3	0	0	%42.86

50			C	2	2	3	0	0	%42.86
